-80.8473
-81.2377
-81.9334
-82.2302
-81.0104
-82.1255
-82.2542
-82.3315
-75.325
-42.5081
-39.814
-41.045
-30.511
-28.9868
-29.6687
-35.6966
-41.0631
-37.3668
-38.754
-34.7094
-31.3723
-27.6084
-26.7218
-25.7776
-26.88
-32.4763
-38.8441
-48.6742
-61.1854
-77.9025
-48.8215
-39.7035
-36.1114
-39.1004
-40.4399
-43.9137
-40.7582
-38.1156
-35.4058
-34.0372
-28.7206
-27.2929
-28.9292
-29.8733
-30.5793
-32.0684
-43.1219
-52.9803
-54.659
-52.8996
-45.761
-45.731
-35.1552
-31.202
-31.903
-39.2401
-37.9951
-34.455
-33.6415
-34.6741
-34.6688
-34.4341
-41.4316
-36.2771
-34.5286
-38.5155
-40.1271
-40.119
-38.9702
-36.2771
-33.9437
-32.521
-31.9461
-31.5701
-32.8625
-36.5354
-42.3902
-38.1774
-34.4408
-31.2609
-32.6335
-29.2858
-29.9722
-31.6754
-34.1106
-40.8547
-41.5258
-27.8007
-26.2224
-26.0571
-27.4282
-28.6766
-29.6143
-31.2938
-33.6933
-36.4037
-40.1404
-46.0144
-46.5712
-46.7065
-47.1087
-49.9493
-49.837
-52.2796
-53.1226
-54.4168
-54.2818
-52.596
-53.2058
-51.7547
-55.2421
-56.7847
-57.5515
-60.1748
-62.1807
-68.0069
-69.3653
-69.7089
-72.5832
-70.8361
-60.6543
-75.7999
-79.635
-80.4814
-80.1176
-80.6506
-81.9755
-80.8796
-81.3076
-80.8991
-79.3593
-79.9892