0.476557
0.485352
0.410885
0.432083
0.472495
0.279118
0.391744
0.429199
0.847922
0.967078
0.968843
0.956574
0.956905
0.970003
0.97628
0.976738
0.690755
0.393507
0.599047
0.947453
0.976412
0.973413
0.961736
0.939577
0.913212
0.964375
0.980796
0.989036
0.991412
0.471609
0.420314
0.444814
0.526051
0.469438
0.552923
0.613558
0.889299
0.968075
0.980239
0.975975
0.980093
0.980206
0.976574
0.97053
0.972219
0.973047
0.971628
0.993432
0.682522
-0.0187718
-0.30456
0.688931
0.904384
0.934089
0.937214
0.922963
0.186062
0.160925
0.140983
0.181624
0.18644
0.327985
0.61589
0.962972
0.966917
0.979643
0.995803
0.995691
0.987054
0.962778
0.94314
0.945909
0.957051
0.962074
0.974367
0.984778
0.884534
0.347586
0.223118
0.235628
0.217588
0.227086
0.219013
0.214743
0.241581
0.318436
0.905114
0.975284
0.967382
0.966738
0.972469
0.968984
0.963084
0.971666
0.979342
0.966751
0.972844
0.935291
0.756991
0.709439
0.624197
0.660394
0.661061
0.57766
0.564591
0.423323
0.475345
0.520496
0.610086
0.727314
0.613992
0.587938
0.71907
0.862113
0.933682
0.929957
0.942868
0.949655
0.922387
0.783013
-0.247788
0.784746
0.597247
0.492072
0.611122
0.476242
0.401753
0.454496
0.390489
0.452778
0.560313
0.628093