0.168979
0.125216
0.058304
0.0546932
0.0870995
0.10809
0.0114095
0.0995535
0.433808
0.0795584
0.358835
0.277936
0.317259
0.347068
0.561989
0.310781
0.180171
0.164363
0.285699
0.641956
0.643725
0.693271
0.75372
0.754701
0.398654
0.456755
0.431796
0.406129
0.455775
0.166745
0.168804
0.146709
0.273859
0.182281
0.142283
0.230943
0.484127
0.677284
0.7035
0.685141
0.608326
0.649841
0.612941
0.612079
0.595182
0.443288
0.256787
0.440934
0.126229
0.147838
0.171297
0.368228
0.415748
0.544106
0.514413
0.389201
0.328948
0.390842
0.387776
0.240963
0.313006
0.358097
0.348743
0.35602
0.558087
0.530701
0.608765
0.641388
0.624859
0.601826
0.565015
0.570893
0.589389
0.619102
0.598592
0.552675
0.397494
0.349517
0.164892
0.298156
0.249896
0.339
0.434075
0.390124
0.306491
0.246635
0.216406
0.417011
0.582746
0.59986
0.574867
0.520953
0.505268
0.475887
0.477546
0.481545
0.35153
0.258288
0.333154
0.256884
0.169582
0.15096
0.232597
0.208622
0.163592
0.202781
0.157251
0.154654
0.186878
0.214848
0.122378
0.141962
0.1094
0.168177
0.234127
0.202713
0.247467
0.470196
0.263405
0.265734
0.0499686
0.257194
0.380291
0.157803
0.112829
0.204222
0.0944475
0.063588
0.199572
0.011506
0.0331497
0.0381821